10
20
30
40
50
60
70
80
92
100
130
150
219
220
240
280
300
320
340
360
380
400
410
420
440
500
550
570
620
630
659
660
730
753
1002
1003
1200
1230
1250
1256
1257
1280
1300
1313
1500
1502
1510
1520
1522
1530
1540
1600
1610
1620
1630
1640
2120
2130
2200
2210
2270
2280
2310
2320
2360
2370
2390
2400
2420
2450
2500
2510
2520
2525
2540
2545
2550
2590
2600
2610
2620
2630
2640
2680
2690
2700
2710
2720
2730
2760
2790
2800
2810
2820
2840
2850
2870
2900
2910
2920
2950
2990
3010
3020
3050
3130
3170
3190
3210
3230
3260
3270
3280
3300
3302
3310
3312
3320
3322
3330
3332
3340
3342
3350
3352
3360
3362
3380
3382
3390
3392
3400
3410
3412
3420
3422
3430
3432
3450
3452
3460
3462
3480
3482
3483
3490
3500
3502
3510
3512
3520
3522
3530
3532
3540
3560
3562
3570
3572
3580
3582
3590
3592
3600
3602
3610
3612
3620
3622
3700
3710
3720
3730
3800
3810
3820
3830
3838
3839
3850
3900
3910
3920
3960
3970
3980
3990
4000
4100
4102
4230
4240
4260
4290
4300
4310
4320
4420
4440
4460
4470
4500
4520
4530
4560
4570
4580
4600
4700
4710
4720
4760
4770
4780
4790
4800
4810
4820
4850
4856
4870
4880
4890
4900
4920
4932
